    8147
    1354    9057    8350    1269    9688    9133    2210    6323
    3081     975    5472    2784    1883    5468    9928    9575
    9964    9648    9676    1576    7258    9705    9811    9571
    1098    4853    7981    8002    2970    1418      47    4217
    1124    9157    6397    7922    8784    9594    5036    6557
    7979     357    3612    8491    2119    9339    6813    6787
    3987    7577    7406    7431    4747    3922    4220    6554
    1738    1711    3019    7060    7972     318    3165    2769
    8724     461    1491     971    9940    8234    8219    6948
    1251    3170    7637    9502    4905     344    6636    4387
    1258    3815    2102    7655     512    7951     364    1868
    4087    4897    4579    4455    4875    6463    7939    7093
    9208    7546    8075    2760    7057    6797      28    6550
    7107    1626    6439    1189    4560    4983    7739    9597
    5737    3403    8767    5852    8081    2238     177    7512
    8212    2550    8208    5059    9400    6990    4126    8909
    4231    9592    5809    5472    1580    1386    7617    1492
    2301    2575    8097    8407    9885    2542    3324    8142
    2998    2435     135    9292    2172    3499    9073    1965
    8484    2510    9550    6160    7788    4732    9874    3516
     675    8308    7935    5852    5945    5497    7327    9171
    6952    2858    6798    7572    3923    7537    5615    3804
    2080    5678    5273     758    4042     539    3527    5307
    5928    7791    3563    9340    9649    1299    1544    5688
    3949    4693    3872     119    7269    3371    3885    1621
    9274    7942    4361    3112    8626    5285    6203    1656
    1195    6019    4719    2629    3402    6540    5298    6892
    7161    7481    9883    4505    7204     838    9125    2289
    5054    9133    5582    1523    5031    8258    4624    5383
    5465    9961    4475     781    8544    4426    6042    1066
    4985    9618    9799      46     343    7749    9770    8173
    3631    8686    6795     844    3462    3997    8558    2598
     450    8000    6601    4314    7499    9106    1329    1818
    9823    2638     953    1455    2826    1360    8021    8692
     775    5797    6273    5498      80    1449    6802    8530
    5339    6220    4386    3509    1995    5132    1380    4018
    3823     759    7624    2399     404    1233    2529    1839
    5047    2399    8226    4172    9817     496    8234    9027
    3018    9447     479    4908    2478    4892    5440    3377
    8877    9000    3438    3692     332    1112    1628    7802
    8773    3897    2103    2416    2727    4039    4924     964
    2234    1319    4903    9420    9549    9561    6519    5752
    7575     597    4352    2347    5528    3531     531    8211
    3225     154    4049     430    9084    1689    8091    6491
    2582    7317    1298    6477    4933    4509    3785    5470
    7184    2963    2878    7446    6234    1889    8118    6867
    3125    1835    3857    3684    3439    6256    8157    7802
    6692     811    3794    9293    4584    7757    3036    4867
    9105    4358    4886    4467    7557    3063    1080    5085
    3935    5107    8701    8176    3608    7948    9171    6443
    5438    3786    1401    8115    1998    5328    9489    3507
    9901    9390    2400    8759     165    5501    3886    6224
    7796    5870    4766    2077    5401    3012     184    4709
    9001    2304    1944    8443    8859    1947    4412    2259
    1478    1707    2395    2276    7996    4356    4730    3111
     898    9233    6445    4302    6330    1848    5843    9048
    7266    9797    3546    4388    6804    1111    7073    2580
    1623    4087    1337    5948    4495    2622     420    6028
    7973    7112    1675    2217    8312    1174    3249    2966
    6557    3187    4201    4241    7819    5078    1131     855
    9935    2624    1815    8010    7629     292    2659    9288
    2441    7303    1007    4886    3443    5785    2816    2372
    9686    4588    2137    9630    6059    5468    2265    5211
    1899    2315    4015    4888    4132    6240    1701    6791
    2990    3955    6364    3674    1515    9879    7692     377
    8839    8851    9592    9132     180    7961    5828     987
    7668    2618    3277    3353    1290    6797    2919    1365
    8471    7212    2307    1067    5019    6537      15    4941
     125    7790    2865    7150     986    9037    3847    8909
    3553    3341    7199    6987     654    1978    5138     305
    4239    7440    6898    5000    2539    4799    4015    9047
    2644    6098    9342    6176    4725    8594    6109    8054
    4884    5767    5145    1829    2450    2399    3330    8865
    5023     286    5960    4899    3101    1679    9629    9786
    2324    7126    7469    5004    3225    4710    3182     596
    9524    6819    5347     424    8718     714    9346    5216
    6671     967    2896    8181     655    8175    2318    7224
    7047    1498    1951    6596    4222    5185    9360    9729
    1422    6489    6431    8003    4727    4537    4369    4323
    2443    8253    5059     834    9069    1331     765    1733
    7139    3909    6172    8313    1890    8033    3969     604
    2776    3992    8580    5268    9089    4167    6172    6568
    1808    6279    5150    2919    8246    4316    3593     154
    8161    9840    2933    1671    1721    1062    4927    3724
    1953    1981    8643    4896    2041    3394    6162    9516
    8780    9203    3924     526    9465    7378    1666    2691
    9718    4228    5639    5478    5983    9427    1312    4177
    5667    9830    5543    3014    3104    7010    1206    6663
    7377    5391    2427    6981    8228    6665    1854    1781
    3126    1280    8817    9990    6742    1711    7392     326
     625    5611    1315    8818     899    6691      83    1904
    4565    3689    6343    4607    5297    9816    4978    1564
    3357    8555    2528    6447    2336    3762    1731    1909
    5959    4282    7268    4820    8775    1206    7071    5895
    2347    2261    4779    3846     182    5829    7473    2518
    6547    2904     780    6170    4727    2652    9964    8243
    5320    9826    8994    7302    7729    3438    2037    5840
    9071    1077    3748    9063    8480    8796    3266    8177
    3267    2607    6592    5943    5867     225     489    4252
    7699    3127    4917    1614    4881    1787    4291    4228
    3947     942    7764    5985    9747    4709    7485    6959
    6345    6998     721    6385    6333     336    5289     688
    2961    3195    3253    5308    6311    6544    9945    4076
    5160    8199    7244    7183    2455    9686    3323    5313
    7486    3251    6829    1056    6812    6109     788    7788
    4589    4234    6981     908     678    2664     691    1536
    5270    2810    2620    4400    4833    5271    1308    4574
     944    8753    1203    5180    9698    9436    7562    6377
    2681    9576    7249    2407    4157    6761    4747    2890
     554    6718    6137    6951    4906     679    9044    2547
    9352    2240    9182    6678    3038    8443    7901    3444
    2262    7805    4489    6753    5101      67    2306    6021
    7118    3867    9844    9159    6552      11    2726    4624
    4690    4243      30    4609    4464    7701    9709    3224
    3046    7847    2151    4713    2475     357    8064    1758
    4863    7217    4075    4734    2156    1527    5402    3411
    7230    6073    2836    1917    5428    7384    7559    2428
    3319    9174    8017    2690    8570    7655     148    1886
    8849    2874    5930     911     862    5762    9248    6833
    9137    5465    9807    4257    9000    6444    9497    6476
    9345    6790      83    6357    7777    9451     259    2089
    5878    7092    6497    2362    3282    1193    1110    6073
    1242    4501    9739    4587    5332    6619    6623    7702
    7082    3502     687    6620    2059    4161    4334    8419
     111    8329     692    2564    3430    6134    3122